67 08000 116 016
68 08000 116 016
69 08000 116 016
70 08000 116 016
71 08000 116 016
72 08000 116 016
73 08000 116 016
74 08000 116 016
75 08000 116 016
76 08000 116 016
77 08000 116 016
78 08000 116 016
79 08000 116 016
80 08000 116 016
81 08000 116 016
82 08000 116 016
83 08000 116 016
84 08000 116 016
85 08000 116 016
86 08000 116 016
87 08000 116 016
88 08000 116 016
89 08000 116 016
90 08000 116 016
91 08000 116 016
92 08000 116 016
93 08000 116 016
94 08000 116 016
95 08000 116 016
96 08000 116 016
97 08000 116 016
98 08000 116 016
99 08000 116 016
100 08000 116 016
101 08000 116 016
102 08000 116 016
103 08000 116 016
104 08000 116 016
105 08000 116 016
106 08000 116 016
107 08000 116 016
108 08000 116 016
109 08000 116 016
110 08000 116 016
111 08000 116 016
112 08000 116 016
113 08000 116 016
114 08000 116 016
115 08000 116 016
116 08000 116 016
117 08000 116 016
118 08000 116 016
119 08000 116 016
120 08000 116 016
121 08000 116 016
122 08000 116 016
123 08000 116 016